60, 363, 57
1, 505, 65
16, 543, 71
53, 276, 110
59, 346, 119
59P, 441, 96
59M, 450, 126
39, 204, 204
58, 261, 223
100, 349, 192
67P, 420, 195
67M, 418, 223
67, 454, 210
32, 521, 249
85, 571, 245
20, 592, 176
8, 626, 231
17, 641, 279
15, 748, 334
19, 804, 381
13, 724, 366
13A, 665, 357
5, 624, 377
9, 675, 382
7, 693, 414
21, 777, 431
38M, 446, 370
6, 399, 320
2A, 368, 249
4, 346, 313
2, 306, 289
56, 271, 289
54, 245, 274
52, 249, 334
48, 186, 359
38, 372, 413
40, 369, 472
38P, 428, 463
36, 575, 455
28, 648, 505
26, 688, 503
25, 742, 486
23, 764, 500
46, 175, 468
44, 237, 529
44A, 261, 612
42, 365, 583
57, 893, 830
34, 575, 535
30, 644, 563
27, 718, 562
29, 698, 611
35, 640, 633
37, 539, 604
18, 446, 629
41, 576, 672
33, 641, 706